y=[
0 
446 
6 
366 
386 
2 
430 
314 
22 
478 
230 
62 
506 
158 
126 
510 
90 
194 
494 
38 
274 
450 
6 
354 
394 
2 
418 
322 
18 
474 
242 
58 
506 
166 
114 
510 
98 
186 
498 
46 
262 
462 
14 
338 
402 
2 
410 
334 
14 
462 
258 
50 
498 
178 
102 
510 
110 
174 
502 
54 
250 
466 
14 
326 
414 
2 
398 
350 
10 
454 
270 
42 
498 
194 
94 
510 
122 
158 
506 
62 
238 
478 
18 
318 
422 
2 
386 
358 
6 
450 
286 
34 
490 
206 
82 
510 
130 
150 
510 
70 
226 
482 
26 
306 
434 
2 
378 
370 
2 
442 
294 
30 
482 
218 
78 
510 
142 
138 
510 
78 
210 
486 
30 
290 
446 
6 
366 
382 
2 
430 
306 
26 
482 
230 
66 
510 
154 
126 
510 
90 
198 
494 
38 
278 
450 
6 
354 
390 
2 
418 
318 
18 
474 
242 
58 
506 
166 
114 
510 
98 
190 
498 
46 
266 
462 
14 
342 
402 
2 
414 
334 
14 
466 
254 
50 
498 
178 
106 
510 
110 
178 
498 
50 
254 
466 
14 
330 
414 
2 
398 
346 
14 
458 
270 
46 
498 
190 
98 
510 
118 
162 
506 
62 
242 
474 
18 
318 
422 
2 
390 
354 
6 
450 
282 
34 
494 
202 
90 
510 
126 
154 
510 
66 
226 
482 
26 
306 
434 
2 
382 
370 
2 
442 
290 
30 
486 
214 
78 
510 
142 
142 
510 
78 
218 
486 
30 
294 
442 
2 
370 
378 
2 
434 
306 
26 
482 
226 
66 
510 
154 
130 
510 
86 
206 
494 
34 
282 
450 
6 
354 
386 
2 
422 
318 
18 
474 
238 
62 
506 
162 
122 
510 
98 
194 
498 
42 
270 
454 
10 
346 
398 
2 
414 
326 
14 
466 
254 
50 
502 
174 
110 
510 
102 
178 
498 
50 
254 
462 
14 
334 
410 
2 
402 
338 
14 
462 
262 
46 
498 
186 
98 
510 
114 
166 
506 
58 
242 
474 
18 
322 
418 
2 
394 
354 
6 
450 
274 
38 
494 
198 
90 
510 
126 
158 
510 
66 
230 
478 
26 
310 
430 
2 
382 
366 
6 
446 
286 
30 
486 
210 
78 
510 
134 
142 
510 
74 
222 
482 
30 
294 
438 
2 
370 
378 
2 
434 
302 
26 
482 
226 
70 
510 
146 
130 
510 
82 
206 
490 
34 
286 
450 
6 
358 
386 
2 
426 
314 
22 
478 
238 
62 
506 
158 
122 
510 
94 
194 
498 
38 
270 
454 
10 
350 
398 
2 
414 
326 
14 
470 
250 
58 
502 
174 
114 
510 
102 
182 
498 
50 
258 
462 
14 
334 
410 
2 
406 
338 
14 
462 
258 
50 
498 
186 
102 
510 
114 
170 
506 
58 
250 
470 
14 
322 
414 
2 
398 
350 
6 
454 
270 
38 
494 
194 
94 
510 
126 
158 
506 
62 
234 
478 
22 
314 
430 
2 
386 
358 
6 
446 
286 
34 
490 
206 
82 
510 
134 
146 
510 
70 
222 
482 
30 
302 
434 
2 
374 
370 
2 
438 
298 
30 
482 
222 
74 
510 
142 
134 
510 
78 
210 
486 
30 
286 
446 
6 
366 
386 
2 
430 
310 
26 
478 
230 
62 
506 
158 
126 
510 
90 
198 
494 
38 
274 
450 
6 
354 
394 
2 
418 
322 
18 
474 
242 
58 
506 
166 
114 
510 
98 
186 
];